Prec =  0.9967868467455115  +/- 0.0023610591058451495
ECI =  0.9944348347353291  +/- 0.00284194477487925
Spin =  0.9998487100151815  +/- 0.00019422907264456248
